Imported from: C:\Users\filip\Desktop\ODEON - domek.dwg on the 15.05.2024 at 16:07:18
###
BlockBegin Corner section
Pt	1	9.388	-1.822	0.689
Pt	2	8.354	-2.137	0.689
Pt	3	8.354	-1.822	0.689
Pt	4	9.388	-2.137	0.689
Pt	5	9.388	-0.803	1.706
Pt	6	8.354	-1.118	1.706
Pt	7	8.354	-0.803	1.706
Pt	8	9.388	-1.118	1.706
Pt	9	6.917	0.09	5.1
Pt	10	6.662	-0.09	5.1
Pt	11	6.662	0.09	5.1
Pt	12	6.917	-0.09	5.1
Pt	13	7.123	-0.09	4.89
Pt	14	7.123	0.09	4.89
Pt	15	7.123	0.09	4.635
Pt	16	7.123	-0.09	4.635
Pt	17	7.373	0.09	5.28
Pt	18	7.123	-0.09	5.28
Pt	19	7.123	0.09	5.28
Pt	20	7.373	-0.09	5.28
Pt	21	7.123	0.09	5.77
Pt	22	7.373	0.09	5.77
Pt	23	7.373	-0.09	5.77
Pt	24	7.123	-0.09	5.77
Pt	25	8.012	0.09	5.28
Pt	26	8.236	0.09	5.77
Pt	27	7.756	0.09	5.28
Pt	28	8.498	0.09	5.77
Pt	29	8.012	-0.09	5.28
Pt	30	8.498	-0.09	5.77
Pt	31	7.756	-0.09	5.28
Pt	32	8.236	-0.09	5.77
Pt	33	9.388	-1.482	1.028
Pt	34	8.354	-1.797	1.028
Pt	35	8.354	-1.482	1.028
Pt	36	9.388	-1.797	1.028
Pt	37	7.338	-0.09	4.954
Pt	38	7.338	-0.82	5.95
Pt	39	7.338	-1.07	5.95
Pt	40	7.338	-0.09	5.204
Pt	41	7.158	-0.82	5.95
Pt	42	7.158	-0.09	5.204
Pt	43	7.158	-0.09	4.954
Pt	44	7.158	-1.07	5.95
Pt	45	9.388	-1.31	1.2
Pt	46	8.354	-1.625	1.2
Pt	47	8.354	-1.31	1.2
Pt	48	9.388	-1.625	1.2
Pt	49	9.388	-0.973	1.536
Pt	50	8.354	-1.288	1.536
Pt	51	8.354	-0.973	1.536
Pt	52	9.388	-1.288	1.536
Pt	53	7.158	0.09	4.954
Pt	54	7.158	0.82	5.95
Pt	55	7.158	1.07	5.95
Pt	56	7.158	0.09	5.204
Pt	57	7.338	0.82	5.95
Pt	58	7.338	0.09	5.204
Pt	59	7.338	0.09	4.954
Pt	60	7.338	1.07	5.95
Pt	61	9.388	-2.162	0.35
Pt	62	8.354	-2.477	0.35
Pt	63	8.354	-2.162	0.35
Pt	64	9.388	-2.477	0.35
Pt	65	11.27	0.09	4.954
Pt	66	11.27	0.82	5.95
Pt	67	11.27	1.07	5.95
Pt	68	11.27	0.09	5.204
Pt	69	11.45	0.82	5.95
Pt	70	11.45	0.09	5.204
Pt	71	11.45	0.09	4.954
Pt	72	11.45	1.07	5.95
Pt	73	10.596	-0.09	5.28
Pt	74	10.372	-0.09	5.77
Pt	75	10.852	-0.09	5.28
Pt	76	10.11	-0.09	5.77
Pt	77	10.596	0.09	5.28
Pt	78	10.11	0.09	5.77
Pt	79	10.852	0.09	5.28
Pt	80	10.372	0.09	5.77
Pt	81	9.388	-0.634	1.875
Pt	82	8.354	-0.949	1.875
Pt	83	8.354	-0.634	1.875
Pt	84	9.388	-0.949	1.875
Pt	85	11.029	0.09	5.1
Pt	86	10.774	-0.09	5.1
Pt	87	10.774	0.09	5.1
Pt	88	11.029	-0.09	5.1
Pt	89	11.235	-0.09	4.89
Pt	90	11.235	0.09	4.89
Pt	91	11.235	0.09	4.635
Pt	92	11.235	-0.09	4.635
Pt	93	7.579	-0.09	5.1
Pt	94	7.834	0.09	5.1
Pt	95	7.834	-0.09	5.1
Pt	96	7.579	0.09	5.1
Pt	97	7.373	0.09	4.89
Pt	98	7.373	-0.09	4.89
Pt	99	7.373	-0.09	4.635
Pt	100	7.373	0.09	4.635
Pt	101	9.388	-1.992	0.519
Pt	102	8.354	-2.307	0.519
Pt	103	8.354	-1.992	0.519
Pt	104	9.388	-2.307	0.519
Pt	105	9.388	-1.144	1.366
Pt	106	8.354	-1.459	1.366
Pt	107	8.354	-1.144	1.366
Pt	108	9.388	-1.459	1.366
Pt	109	9.388	-0.463	2.046
Pt	110	8.354	-0.778	2.046
Pt	111	8.354	-0.463	2.046
Pt	112	9.388	-0.778	2.046
Pt	113	9.388	-1.653	0.858
Pt	114	8.354	-1.968	0.858
Pt	115	8.354	-1.653	0.858
Pt	116	9.388	-1.968	0.858
Pt	117	11.485	0.09	5.28
Pt	118	11.235	-0.09	5.28
Pt	119	11.235	0.09	5.28
Pt	120	11.485	-0.09	5.28
Pt	121	11.235	0.09	5.77
Pt	122	11.485	0.09	5.77
Pt	123	11.485	-0.09	5.77
Pt	124	11.235	-0.09	5.77
Pt	125	11.691	-0.09	5.1
Pt	126	11.946	0.09	5.1
Pt	127	11.946	-0.09	5.1
Pt	128	11.691	0.09	5.1
Pt	129	11.485	0.09	4.89
Pt	130	11.485	-0.09	4.89
Pt	131	11.485	-0.09	4.635
Pt	132	11.485	0.09	4.635
Pt	133	6.484	-0.09	5.28
Pt	134	6.26	-0.09	5.77
Pt	135	6.74	-0.09	5.28
Pt	136	5.998	-0.09	5.77
Pt	137	6.484	0.09	5.28
Pt	138	5.998	0.09	5.77
Pt	139	6.74	0.09	5.28
Pt	140	6.26	0.09	5.77
Pt	141	15.875	0.09	5.28
Pt	142	16.099	0.09	5.77
Pt	143	15.619	0.09	5.28
Pt	144	16.361	0.09	5.77
Pt	145	15.875	-0.09	5.28
Pt	146	16.361	-0.09	5.77
Pt	147	15.619	-0.09	5.28
Pt	148	16.099	-0.09	5.77
Pt	149	15.442	-0.09	5.1
Pt	150	15.697	0.09	5.1
Pt	151	15.697	-0.09	5.1
Pt	152	15.442	0.09	5.1
Pt	153	15.236	0.09	4.89
Pt	154	15.236	-0.09	4.89
Pt	155	15.236	-0.09	4.635
Pt	156	15.236	0.09	4.635
Pt	157	11.45	-0.09	4.954
Pt	158	11.45	-0.82	5.95
Pt	159	11.45	-1.07	5.95
Pt	160	11.45	-0.09	5.204
Pt	161	11.27	-0.82	5.95
Pt	162	11.27	-0.09	5.204
Pt	163	11.27	-0.09	4.954
Pt	164	11.27	-1.07	5.95
Pt	165	15.236	0.09	5.28
Pt	166	14.986	-0.09	5.28
Pt	167	14.986	0.09	5.28
Pt	168	15.236	-0.09	5.28
Pt	169	14.986	0.09	5.77
Pt	170	15.236	0.09	5.77
Pt	171	15.236	-0.09	5.77
Pt	172	14.986	-0.09	5.77
Pt	173	12.124	0.09	5.28
Pt	174	12.348	0.09	5.77
Pt	175	11.868	0.09	5.28
Pt	176	12.61	0.09	5.77
Pt	177	12.124	-0.09	5.28
Pt	178	12.61	-0.09	5.77
Pt	179	11.868	-0.09	5.28
Pt	180	12.348	-0.09	5.77
Pt	181	9.388	-0.124	2.384
Pt	182	8.354	-0.439	2.384
Pt	183	8.354	-0.124	2.384
Pt	184	9.388	-0.439	2.384
Pt	185	9.388	-0.295	2.213
Pt	186	8.354	-0.61	2.213
Pt	187	8.354	-0.295	2.213
Pt	188	9.388	-0.61	2.213
Pt	189	4.648	-0.995	2.4
Pt	190	4.448	-0.107	1.336
Pt	191	4.648	-0.107	1.336
Pt	192	4.448	-0.995	2.4
Pt	193	4.648	-1.249	2.4
Pt	194	4.448	-1.249	2.4
Pt	195	4.448	-0.107	1.081
Pt	196	4.648	-0.107	1.081
Pt	197	15.021	0.09	4.954
Pt	198	15.021	0.82	5.95
Pt	199	15.021	1.07	5.95
Pt	200	15.021	0.09	5.204
Pt	201	15.201	0.82	5.95
Pt	202	15.201	0.09	5.204
Pt	203	15.201	0.09	4.954
Pt	204	15.201	1.07	5.95
Pt	205	3.792	0.09	5.28
Pt	206	3.542	-0.09	5.28
Pt	207	3.542	0.09	5.28
Pt	208	3.792	-0.09	5.28
Pt	209	3.542	0.09	5.77
Pt	210	3.792	0.09	5.77
Pt	211	3.792	-0.09	5.77
Pt	212	3.542	-0.09	5.77
Pt	213	15.201	-0.09	4.954
Pt	214	15.201	-0.82	5.95
Pt	215	15.201	-1.07	5.95
Pt	216	15.201	-0.09	5.204
Pt	217	15.021	-0.82	5.95
Pt	218	15.021	-0.09	5.204
Pt	219	15.021	-0.09	4.954
Pt	220	15.021	-1.07	5.95
Pt	221	3.336	0.09	5.1
Pt	222	3.081	-0.09	5.1
Pt	223	3.081	0.09	5.1
Pt	224	3.336	-0.09	5.1
Pt	225	3.542	-0.09	4.89
Pt	226	3.542	0.09	4.89
Pt	227	3.542	0.09	4.635
Pt	228	3.542	-0.09	4.635
Pt	229	14.439	-0.995	2.4
Pt	230	14.239	-0.107	1.336
Pt	231	14.439	-0.107	1.336
Pt	232	14.239	-0.995	2.4
Pt	233	14.439	-1.249	2.4
Pt	234	14.239	-1.249	2.4
Pt	235	14.239	-0.107	1.081
Pt	236	14.439	-0.107	1.081
Pt	237	14.239	0.995	2.4
Pt	238	14.439	0.107	1.336
Pt	239	14.239	0.107	1.336
Pt	240	14.439	0.995	2.4
Pt	241	14.239	1.249	2.4
Pt	242	14.439	1.249	2.4
Pt	243	14.439	0.107	1.081
Pt	244	14.239	0.107	1.081
Pt	245	9.513	0.107	1.081
Pt	246	9.388	0.107	1.336
Pt	247	9.388	0.107	1.081
Pt	248	9.513	0.107	1.336
Pt	249	9.513	1.249	2.4
Pt	250	9.513	0.995	2.4
Pt	251	9.388	1.249	2.4
Pt	252	9.388	0.995	2.4
Pt	253	0.88	-0.09	5.77
Pt	254	1.135	0.09	5.77
Pt	255	1.135	-0.09	5.77
Pt	256	0.88	0.09	5.77
Pt	257	0.645	0.09	5.28
Pt	258	0.645	-0.09	5.28
Pt	259	0.39	0.09	5.28
Pt	260	0.39	-0.09	5.28
Pt	261	3.577	0.09	4.954
Pt	262	3.577	0.82	5.95
Pt	263	3.577	1.07	5.95
Pt	264	3.577	0.09	5.204
Pt	265	3.757	0.82	5.95
Pt	266	3.757	0.09	5.204
Pt	267	3.757	0.09	4.954
Pt	268	3.757	1.07	5.95
Pt	269	9.513	-1.249	2.4
Pt	270	9.388	-0.995	2.4
Pt	271	9.388	-1.249	2.4
Pt	272	9.513	-0.995	2.4
Pt	273	9.388	-0.107	1.081
Pt	274	9.513	-0.107	1.081
Pt	275	9.513	-0.107	1.336
Pt	276	9.388	-0.107	1.336
Pt	277	3.757	-0.09	4.954
Pt	278	3.757	-0.82	5.95
Pt	279	3.757	-1.07	5.95
Pt	280	3.757	-0.09	5.204
Pt	281	3.577	-0.82	5.95
Pt	282	3.577	-0.09	5.204
Pt	283	3.577	-0.09	4.954
Pt	284	3.577	-1.07	5.95
Pt	285	4.431	0.09	5.28
Pt	286	4.655	0.09	5.77
Pt	287	4.175	0.09	5.28
Pt	288	4.917	0.09	5.77
Pt	289	4.431	-0.09	5.28
Pt	290	4.917	-0.09	5.77
Pt	291	4.175	-0.09	5.28
Pt	292	4.655	-0.09	5.77
Pt	293	3.998	-0.09	5.1
Pt	294	4.253	0.09	5.1
Pt	295	4.253	-0.09	5.1
Pt	296	3.998	0.09	5.1
Pt	297	3.792	0.09	4.89
Pt	298	3.792	-0.09	4.89
Pt	299	3.792	-0.09	4.635
Pt	300	3.792	0.09	4.635
Pt	301	4.448	0.995	2.4
Pt	302	4.648	0.107	1.336
Pt	303	4.448	0.107	1.336
Pt	304	4.648	0.995	2.4
Pt	305	4.448	1.249	2.4
Pt	306	4.648	1.249	2.4
Pt	307	4.648	0.107	1.081
Pt	308	4.448	0.107	1.081
Pt	309	2.903	-0.09	5.28
Pt	310	2.679	-0.09	5.77
Pt	311	3.159	-0.09	5.28
Pt	312	2.417	-0.09	5.77
Pt	313	2.903	0.09	5.28
Pt	314	2.417	0.09	5.77
Pt	315	3.159	0.09	5.28
Pt	316	2.679	0.09	5.77
Pt	317	14.347	-0.09	5.28
Pt	318	14.123	-0.09	5.77
Pt	319	14.603	-0.09	5.28
Pt	320	13.861	-0.09	5.77
Pt	321	14.347	0.09	5.28
Pt	322	13.861	0.09	5.77
Pt	323	14.603	0.09	5.28
Pt	324	14.123	0.09	5.77
Pt	325	17.92	0.09	5.77
Pt	326	17.665	-0.09	5.77
Pt	327	17.665	0.09	5.77
Pt	328	17.92	-0.09	5.77
Pt	329	18.155	-0.09	5.28
Pt	330	18.155	0.09	5.28
Pt	331	18.41	-0.09	5.28
Pt	332	18.41	0.09	5.28
Pt	333	14.78	0.09	5.1
Pt	334	14.525	-0.09	5.1
Pt	335	14.525	0.09	5.1
Pt	336	14.78	-0.09	5.1
Pt	337	14.986	-0.09	4.89
Pt	338	14.986	0.09	4.89
Pt	339	14.986	0.09	4.635
Pt	340	14.986	-0.09	4.635
Pt	341	16.169	4.535	2.6
Pt	342	16.169	-4.535	2.4
Pt	343	16.169	-4.535	2.6
Pt	344	16.169	4.535	2.4
Pt	345	15.969	-4.535	2.6
Pt	346	15.969	-4.535	2.4
Pt	347	15.969	4.535	2.4
Pt	348	15.969	4.535	2.6
Pt	349	17.006	4.535	2.6
Pt	350	17.006	-4.535	2.4
Pt	351	17.006	-4.535	2.6
Pt	352	17.006	4.535	2.4
Pt	353	16.806	-4.535	2.6
Pt	354	16.806	-4.535	2.4
Pt	355	16.806	4.535	2.4
Pt	356	16.806	4.535	2.6
Pt	357	17.915	4.535	2.6
Pt	358	17.915	-4.535	2.4
Pt	359	17.915	-4.535	2.6
Pt	360	17.915	4.535	2.4
Pt	361	17.715	-4.535	2.6
Pt	362	17.715	-4.535	2.4
Pt	363	17.715	4.535	2.4
Pt	364	17.715	4.535	2.6
Pt	365	13.309	4.535	2.6
Pt	366	13.309	-4.535	2.4
Pt	367	13.309	-4.535	2.6
Pt	368	13.309	4.535	2.4
Pt	369	13.109	-4.535	2.6
Pt	370	13.109	-4.535	2.4
Pt	371	13.109	4.535	2.4
Pt	372	13.109	4.535	2.6
Pt	373	12.409	4.535	2.6
Pt	374	12.409	-4.535	2.4
Pt	375	12.409	-4.535	2.6
Pt	376	12.409	4.535	2.4
Pt	377	12.209	-4.535	2.6
Pt	378	12.209	-4.535	2.4
Pt	379	12.209	4.535	2.4
Pt	380	12.209	4.535	2.6
Pt	381	15.212	4.535	2.6
Pt	382	15.212	-4.535	2.4
Pt	383	15.212	-4.535	2.6
Pt	384	15.212	4.535	2.4
Pt	385	15.012	-4.535	2.6
Pt	386	15.012	-4.535	2.4
Pt	387	15.012	4.535	2.4
Pt	388	15.012	4.535	2.6
Pt	389	11.461	4.535	2.6
Pt	390	11.461	-4.535	2.4
Pt	391	11.461	-4.535	2.6
Pt	392	11.461	4.535	2.4
Pt	393	11.261	-4.535	2.6
Pt	394	11.261	-4.535	2.4
Pt	395	11.261	4.535	2.4
Pt	396	11.261	4.535	2.6
Pt	397	14.439	4.535	2.6
Pt	398	14.439	-4.535	2.4
Pt	399	14.439	-4.535	2.6
Pt	400	14.439	4.535	2.4
Pt	401	14.239	-4.535	2.6
Pt	402	14.239	-4.535	2.4
Pt	403	14.239	4.535	2.4
Pt	404	14.239	4.535	2.6
Pt	405	4.648	4.535	2.6
Pt	406	4.648	-4.535	2.4
Pt	407	4.648	-4.535	2.6
Pt	408	4.648	4.535	2.4
Pt	409	4.448	-4.535	2.6
Pt	410	4.448	-4.535	2.4
Pt	411	4.448	4.535	2.4
Pt	412	4.448	4.535	2.6
Pt	413	7.349	4.535	2.6
Pt	414	7.349	-4.535	2.4
Pt	415	7.349	-4.535	2.6
Pt	416	7.349	4.535	2.4
Pt	417	7.149	-4.535	2.6
Pt	418	7.149	-4.535	2.4
Pt	419	7.149	4.535	2.4
Pt	420	7.149	4.535	2.6
Pt	421	3.768	4.535	2.6
Pt	422	3.768	-4.535	2.4
Pt	423	3.768	-4.535	2.6
Pt	424	3.768	4.535	2.4
Pt	425	3.568	-4.535	2.6
Pt	426	3.568	-4.535	2.4
Pt	427	3.568	4.535	2.4
Pt	428	3.568	4.535	2.6
Pt	429	2.796	4.535	2.6
Pt	430	2.796	-4.535	2.4
Pt	431	2.796	-4.535	2.6
Pt	432	2.796	4.535	2.4
Pt	433	2.596	-4.535	2.6
Pt	434	2.596	-4.535	2.4
Pt	435	2.596	4.535	2.4
Pt	436	2.596	4.535	2.6
Pt	437	5.626	4.535	2.6
Pt	438	5.626	-4.535	2.4
Pt	439	5.626	-4.535	2.6
Pt	440	5.626	4.535	2.4
Pt	441	5.426	-4.535	2.6
Pt	442	5.426	-4.535	2.4
Pt	443	5.426	4.535	2.4
Pt	444	5.426	4.535	2.6
Pt	445	6.463	4.535	2.6
Pt	446	6.463	-4.535	2.4
Pt	447	6.463	-4.535	2.6
Pt	448	6.463	4.535	2.4
Pt	449	6.263	-4.535	2.6
Pt	450	6.263	-4.535	2.4
Pt	451	6.263	4.535	2.4
Pt	452	6.263	4.535	2.6
Pt	453	9.513	4.535	2.6
Pt	454	9.513	-4.535	2.4
Pt	455	9.513	-4.535	2.6
Pt	456	9.513	4.535	2.4
Pt	457	9.313	-4.535	2.6
Pt	458	9.313	-4.535	2.4
Pt	459	9.313	4.535	2.4
Pt	460	9.313	4.535	2.6
Pt	461	8.429	4.535	2.6
Pt	462	8.429	-4.535	2.4
Pt	463	8.429	-4.535	2.6
Pt	464	8.429	4.535	2.4
Pt	465	8.229	-4.535	2.6
Pt	466	8.229	-4.535	2.4
Pt	467	8.229	4.535	2.4
Pt	468	8.229	4.535	2.6
Pt	469	10.541	4.535	2.6
Pt	470	10.541	-4.535	2.4
Pt	471	10.541	-4.535	2.6
Pt	472	10.541	4.535	2.4
Pt	473	10.341	-4.535	2.6
Pt	474	10.341	-4.535	2.4
Pt	475	10.341	4.535	2.4
Pt	476	10.341	4.535	2.6
Pt	477	1.856	4.535	2.6
Pt	478	1.856	-4.535	2.4
Pt	479	1.856	-4.535	2.6
Pt	480	1.856	4.535	2.4
Pt	481	1.656	-4.535	2.6
Pt	482	1.656	-4.535	2.4
Pt	483	1.656	4.535	2.4
Pt	484	1.656	4.535	2.6
Pt	485	0.907	4.535	2.6
Pt	486	0.907	-4.535	2.4
Pt	487	0.907	-4.535	2.6
Pt	488	0.907	4.535	2.4
Pt	489	0.707	-4.535	2.6
Pt	490	0.707	-4.535	2.4
Pt	491	0.707	4.535	2.4
Pt	492	0.707	4.535	2.6
Pt	493	9.313	-3.305	2.6
Pt	494	8.429	0	2.6
Pt	495	8.429	-3.305	2.6
Pt	496	9.313	0	2.6
Pt	497	0	4.535	2.6
Pt	498	3.542	0.09	2.6
Pt	499	0	-4.535	2.6
Pt	500	18.8	4.535	2.6
Pt	501	3.792	0.09	2.6
Pt	502	3.792	-0.09	2.6
Pt	503	7.123	0.09	2.6
Pt	504	7.373	0.09	2.6
Pt	505	7.373	-0.09	2.6
Pt	506	11.235	0.09	2.6
Pt	507	11.485	0.09	2.6
Pt	508	11.485	-0.09	2.6
Pt	509	14.986	0.09	2.6
Pt	510	15.236	0.09	2.6
Pt	511	15.236	-0.09	2.6
Pt	512	18.8	-4.535	2.6
Pt	513	3.542	-0.09	2.6
Pt	514	7.123	-0.09	2.6
Pt	515	11.235	-0.09	2.6
Pt	516	14.986	-0.09	2.6
Pt	517	7.123	0.09	5.1
Pt	518	7.123	-0.09	5.1
Pt	519	7.373	-0.09	5.1
Pt	520	7.373	0.09	5.1
Pt	521	3.542	0.09	5.1
Pt	522	3.542	-0.09	5.1
Pt	523	3.792	0.09	5.1
Pt	524	3.792	-0.09	5.1
Pt	525	14.986	0.09	5.1
Pt	526	15.236	0.09	5.1
Pt	527	15.236	-0.09	5.1
Pt	528	14.986	-0.09	5.1
Pt	529	11.485	-0.09	5.1
Pt	530	11.235	0.09	5.1
Pt	531	11.235	-0.09	5.1
Pt	532	11.485	0.09	5.1
Pt	533	7.338	-1.72	5.95
Pt	534	7.158	-1.72	6.13
Pt	535	7.158	-1.72	5.95
Pt	536	7.338	-1.72	6.13
Pt	537	7.338	-0.09	5.95
Pt	538	7.338	1.72	6.13
Pt	539	7.338	0.09	5.95
Pt	540	7.338	1.72	5.95
Pt	541	7.158	1.72	6.13
Pt	542	7.158	-0.09	5.95
Pt	543	7.158	0.09	5.95
Pt	544	7.158	1.72	5.95
Pt	545	11.45	1.72	5.95
Pt	546	11.27	0.09	5.95
Pt	547	11.27	1.72	5.95
Pt	548	11.45	0.09	5.95
Pt	549	11.27	1.72	6.13
Pt	550	11.45	1.72	6.13
Pt	551	11.27	-1.72	5.95
Pt	552	11.27	-1.72	6.13
Pt	553	11.27	-0.09	5.95
Pt	554	3.757	-1.72	5.95
Pt	555	3.577	-1.72	6.13
Pt	556	3.577	-1.72	5.95
Pt	557	3.757	-1.72	6.13
Pt	558	3.577	1.72	6.13
Pt	559	3.757	1.72	5.95
Pt	560	3.577	1.72	5.95
Pt	561	3.757	1.72	6.13
Pt	562	11.45	-1.72	5.95
Pt	563	11.45	-1.72	6.13
Pt	564	3.757	-0.09	5.95
Pt	565	3.757	0.09	5.95
Pt	566	3.577	-0.09	5.95
Pt	567	3.577	0.09	5.95
Pt	568	11.45	-0.09	5.95
Pt	569	15.021	1.72	6.13
Pt	570	15.201	1.72	5.95
Pt	571	15.021	1.72	5.95
Pt	572	15.201	1.72	6.13
Pt	573	15.201	-1.72	5.95
Pt	574	15.021	-1.72	6.13
Pt	575	15.021	-1.72	5.95
Pt	576	15.201	-1.72	6.13
Pt	577	15.201	-0.09	5.95
Pt	578	15.201	0.09	5.95
Pt	579	15.021	0.09	5.95
Pt	580	15.021	-0.09	5.95
Pt	581	0	-0.09	5.95
Pt	582	0	-0.09	4.635
Pt	583	0	0	8.287
Pt	584	0	0.09	5.95
Pt	585	0	0.09	5.77
Pt	586	0	0.09	5.28
Pt	587	0	0.09	5.1
Pt	588	0	0.09	4.89
Pt	589	0	0.09	4.635
Pt	590	0	-0.09	4.89
Pt	591	0	-0.09	5.77
Pt	592	0	-0.09	5.28
Pt	593	0	-0.09	5.1
Pt	594	18.8	0	8.287
Pt	595	18.8	-0.09	5.95
Pt	596	18.8	-0.09	5.77
Pt	597	18.8	-0.09	5.28
Pt	598	18.8	0.09	5.28
Pt	599	18.8	0.09	5.95
Pt	600	18.8	-0.09	4.89
Pt	601	18.59	0.09	5.1
Pt	602	18.59	-0.09	5.1
Pt	603	18.8	0.09	4.89
Pt	604	18.8	0.09	5.77
Pt	605	18.8	-0.09	4.635
Pt	606	18.335	0.09	5.1
Pt	607	18.335	-0.09	5.1
Pt	608	18.8	0.09	4.635
Pt	609	0.465	-0.09	5.1
Pt	610	0.465	0.09	5.1
Pt	611	0.21	0.09	5.1
Pt	612	18.8	0.09	5.1
Pt	613	18.8	-0.09	5.1
Pt	614	0.21	-0.09	5.1
Pt	615	0.064	0.09	4.699
Pt	616	18.8	0.107	2.092
Pt	617	18.6	-0.107	2.092
Pt	618	18.6	0.107	2.092
Pt	619	18.8	-0.107	2.092
Pt	620	0	2.868	1.734
Pt	621	0	2.603	1.614
Pt	622	0	2.603	1.734
Pt	623	0	2.868	1.614
Pt	624	4.648	4.535	1.413
Pt	625	9.313	4.535	1.413
Pt	626	4.648	4.535	1.667
Pt	627	9.513	4.535	1.413
Pt	628	6.555	4.535	1.614
Pt	629	6.82	4.535	1.614
Pt	630	6.555	4.535	1.734
Pt	631	4.448	4.535	1.667
Pt	632	13.12	4.535	1.614
Pt	633	9.513	4.535	1.667
Pt	634	13.385	4.535	1.614
Pt	635	13.12	4.535	1.734
Pt	636	9.313	4.535	1.667
Pt	637	18.8	4.535	0
Pt	638	14.439	4.535	1.413
Pt	639	0	4.535	0
Pt	640	14.439	4.535	1.667
Pt	641	14.239	4.535	1.667
Pt	642	13.385	4.535	1.734
Pt	643	6.82	4.535	1.734
Pt	644	4.448	4.535	1.413
Pt	645	14.239	4.535	1.413
Pt	646	0.454	-0.107	2.092
Pt	647	0	-0.107	1.904
Pt	648	0	-0.107	1.65
Pt	649	0.2	-0.107	2.092
Pt	650	0.2	0.107	2.092
Pt	651	0.454	0.107	2.092
Pt	652	0	-2.603	1.771
Pt	653	0	-2.868	1.651
Pt	654	0	-2.868	1.771
Pt	655	0	-2.603	1.651
Pt	656	0.661	4.121	0
Pt	657	18.023	4.121	0
Pt	658	18.023	-4.198	0
Pt	659	0	-4.535	0
Pt	660	0.661	-4.198	0
Pt	661	18.8	-4.535	0
Pt	662	4.723	0.107	1.904
Pt	663	4.911	-0.107	2.092
Pt	664	4.723	-0.107	1.904
Pt	665	4.911	0.107	2.092
Pt	666	9.388	-2.512	0
Pt	667	9.388	-0.422	2.4
Pt	668	9.388	-2.827	0
Pt	669	9.388	-0.107	2.4
Pt	670	4.723	-0.107	2.092
Pt	671	4.373	0.107	2.092
Pt	672	4.373	-0.107	2.092
Pt	673	4.723	0.107	2.092
Pt	674	8.795	0.107	2.092
Pt	675	5.166	-0.107	2.092
Pt	676	5.166	0.107	2.092
Pt	677	8.795	-0.107	2.092
Pt	678	9.588	0.107	1.65
Pt	679	9.588	-0.107	1.904
Pt	680	9.588	-0.107	1.65
Pt	681	9.588	0.107	1.904
Pt	682	14.164	-0.107	1.904
Pt	683	13.721	-0.107	2.092
Pt	684	14.164	-0.107	1.65
Pt	685	13.976	-0.107	2.092
Pt	686	14.514	-0.107	2.092
Pt	687	14.164	0.107	2.092
Pt	688	14.164	-0.107	2.092
Pt	689	14.514	0.107	2.092
Pt	690	13.976	0.107	2.092
Pt	691	13.721	0.107	2.092
Pt	692	9.238	0.107	1.65
Pt	693	9.238	-0.107	0
Pt	694	9.238	-0.107	1.65
Pt	695	9.238	0.107	0
Pt	696	14.164	0.107	1.904
Pt	697	14.164	0.107	1.65
Pt	698	14.957	0.107	2.092
Pt	699	14.702	-0.107	2.092
Pt	700	14.702	0.107	2.092
Pt	701	14.957	-0.107	2.092
Pt	702	18.8	-0.107	1.65
Pt	703	18.8	0.107	1.65
Pt	704	18.8	0.107	1.904
Pt	705	18.8	0.107	2.4
Pt	706	18.8	-0.107	2.4
Pt	707	18.8	-0.107	1.904
Pt	708	9.05	0.107	2.092
Pt	709	9.05	-0.107	2.092
Pt	710	9.238	-0.107	1.904
Pt	711	9.588	-0.107	0
Pt	712	9.588	-0.107	2.092
Pt	713	9.238	-0.107	2.092
Pt	714	14.239	-4.535	1.413
Pt	715	4.648	-4.535	1.413
Pt	716	14.239	-4.535	1.667
Pt	717	4.448	-4.535	1.413
Pt	718	4.648	-4.535	1.667
Pt	719	14.439	-4.535	1.667
Pt	720	4.448	-4.535	1.667
Pt	721	14.439	-4.535	1.413
Pt	722	9.776	-0.107	2.092
Pt	723	9.776	0.107	2.092
Pt	724	0	0.107	1.904
Pt	725	0	-0.107	2.092
Pt	726	0	0.107	2.092
Pt	727	0	0.107	2.4
Pt	728	0	-0.107	2.4
Pt	729	9.588	0.107	0
Pt	730	14.514	0.107	0
Pt	731	14.164	0.107	0
Pt	732	14.514	0.107	1.65
Pt	733	14.514	0.107	1.904
Pt	734	10.031	-0.107	2.092
Pt	735	14.514	-0.107	1.904
Pt	736	3.93	0.107	2.092
Pt	737	4.185	0.107	2.092
Pt	738	9.238	0.107	2.092
Pt	739	9.588	0.107	2.092
Pt	740	10.031	0.107	2.092
Pt	741	18.346	0.107	2.092
Pt	742	8.354	-0.107	2.4
Pt	743	8.429	-0.107	2.4
Pt	744	9.313	-0.107	2.4
Pt	745	18.346	-0.107	2.092
Pt	746	0	0.107	1.65
Pt	747	8.429	-2.512	0
Pt	748	8.429	-0.422	2.4
Pt	749	8.429	-2.827	0
Pt	750	14.239	-3.399	2.4
Pt	751	14.439	-3.399	2.4
Pt	752	3.93	-0.107	2.092
Pt	753	4.185	-0.107	2.092
Pt	754	4.448	-3.399	2.4
Pt	755	4.648	-3.399	2.4
Pt	756	9.313	-2.827	0
Pt	757	9.313	-2.512	0
Pt	758	14.439	3.653	2.4
Pt	759	14.239	3.653	2.4
Pt	760	14.239	-3.653	2.4
Pt	761	14.439	-3.653	2.4
Pt	762	4.373	-0.107	1.904
Pt	763	4.373	0.107	1.904
Pt	764	4.373	0.107	1.65
Pt	765	4.723	0.107	0
Pt	766	4.373	0.107	0
Pt	767	4.723	0.107	1.65
Pt	768	9.313	-0.422	2.4
Pt	769	4.373	-0.107	0
Pt	770	4.723	-0.107	0
Pt	771	14.439	3.399	2.4
Pt	772	14.239	3.399	2.4
Pt	773	8.354	-0.422	2.4
Pt	774	8.354	-2.512	0
Pt	775	8.354	-2.827	0
Pt	776	4.448	-3.653	2.4
Pt	777	4.648	-3.653	2.4
Pt	778	9.513	3.653	2.4
Pt	779	9.313	3.653	2.4
Pt	780	9.513	3.399	2.4
Pt	781	9.313	3.399	2.4
Pt	782	14.164	-0.107	0
Pt	783	4.648	3.653	2.4
Pt	784	4.448	3.653	2.4
Pt	785	4.448	3.399	2.4
Pt	786	4.648	3.399	2.4
Pt	787	14.514	-0.107	1.65
Pt	788	4.723	-0.107	1.65
Pt	789	4.373	-0.107	1.65
Pt	790	14.514	-0.107	0
Pt	791	9.238	0.107	1.904
BlockEnd Corner section
BlockBegin layer 0
Layer	"0"	Fuchsia
Surf	1	0
	1	2	3	
Surf	2	0
	2	1	4	
Surf	3	0
	5	6	7	
Surf	4	0
	6	5	8	
Surf	5	0
	9	10	11	
Surf	6	0
	10	9	12	
Surf	7	0
	9	13	12	
Surf	8	0
	13	9	14	
Surf	9	0
	15	10	16	
Surf	10	0
	10	15	11	
Surf	11	0
	14	11	15	
Surf	12	0
	11	14	9	
Surf	13	0
	10	13	16	
Surf	14	0
	13	10	12	
Surf	15	0
	14	16	13	
Surf	16	0
	16	14	15	
Surf	17	0
	17	18	19	
Surf	18	0
	18	17	20	
Surf	19	0
	21	17	19	
Surf	20	0
	17	21	22	
Surf	21	0
	17	23	20	
Surf	22	0
	23	17	22	
Surf	23	0
	21	18	24	
Surf	24	0
	18	21	19	
Surf	25	0
	23	21	24	
Surf	26	0
	21	23	22	
Surf	27	0
	23	18	20	
Surf	28	0
	18	23	24	
Surf	29	0
	25	26	27	
Surf	30	0
	26	25	28	
Surf	31	0
	29	28	25	
Surf	32	0
	28	29	30	
Surf	33	0
	25	31	29	
Surf	34	0
	31	25	27	
Surf	35	0
	32	29	31	
Surf	36	0
	29	32	30	
Surf	37	0
	32	27	26	
Surf	38	0
	27	32	31	
Surf	39	0
	30	26	28	
Surf	40	0
	26	30	32	
Surf	41	0
	33	34	35	
Surf	42	0
	34	33	36	
Surf	43	0
	37	38	39	
Surf	44	0
	38	37	40	
Surf	45	0
	41	40	42	
Surf	46	0
	40	41	38	
Surf	47	0
	39	43	37	
Surf	48	0
	43	39	44	
Surf	49	0
	42	37	43	
Surf	50	0
	37	42	40	
Surf	51	0
	39	41	44	
Surf	52	0
	41	39	38	
Surf	53	0
	41	43	44	
Surf	54	0
	43	41	42	
Surf	55	0
	45	46	47	
Surf	56	0
	46	45	48	
Surf	57	0
	49	50	51	
Surf	58	0
	50	49	52	
Surf	59	0
	53	54	55	
Surf	60	0
	54	53	56	
Surf	61	0
	57	56	58	
Surf	62	0
	56	57	54	
Surf	63	0
	55	59	53	
Surf	64	0
	59	55	60	
Surf	65	0
	58	53	59	
Surf	66	0
	53	58	56	
Surf	67	0
	55	57	60	
Surf	68	0
	57	55	54	
Surf	69	0
	57	59	60	
Surf	70	0
	59	57	58	
Surf	71	0
	61	62	63	
Surf	72	0
	62	61	64	
Surf	73	0
	65	66	67	
Surf	74	0
	66	65	68	
Surf	75	0
	69	68	70	
Surf	76	0
	68	69	66	
Surf	77	0
	67	71	65	
Surf	78	0
	71	67	72	
Surf	79	0
	70	65	71	
Surf	80	0
	65	70	68	
Surf	81	0
	67	69	72	
Surf	82	0
	69	67	66	
Surf	83	0
	69	71	72	
Surf	84	0
	71	69	70	
Surf	85	0
	73	74	75	
Surf	86	0
	74	73	76	
Surf	87	0
	77	76	73	
Surf	88	0
	76	77	78	
Surf	89	0
	73	79	77	
Surf	90	0
	79	73	75	
Surf	91	0
	80	77	79	
Surf	92	0
	77	80	78	
Surf	93	0
	80	75	74	
Surf	94	0
	75	80	79	
Surf	95	0
	78	74	76	
Surf	96	0
	74	78	80	
Surf	97	0
	81	82	83	
Surf	98	0
	82	81	84	
Surf	99	0
	85	86	87	
Surf	100	0
	86	85	88	
Surf	101	0
	85	89	88	
Surf	102	0
	89	85	90	
Surf	103	0
	91	86	92	
Surf	104	0
	86	91	87	
Surf	105	0
	90	87	91	
Surf	106	0
	87	90	85	
Surf	107	0
	86	89	92	
Surf	108	0
	89	86	88	
Surf	109	0
	90	92	89	
Surf	110	0
	92	90	91	
Surf	111	0
	93	94	95	
Surf	112	0
	94	93	96	
Surf	113	0
	93	97	96	
Surf	114	0
	97	93	98	
Surf	115	0
	99	94	100	
Surf	116	0
	94	99	95	
Surf	117	0
	98	95	99	
Surf	118	0
	95	98	93	
Surf	119	0
	94	97	100	
Surf	120	0
	97	94	96	
Surf	121	0
	98	100	97	
Surf	122	0
	100	98	99	
Surf	123	0
	101	102	103	
Surf	124	0
	102	101	104	
Surf	125	0
	105	106	107	
Surf	126	0
	106	105	108	
Surf	127	0
	109	110	111	
Surf	128	0
	110	109	112	
Surf	129	0
	113	114	115	
Surf	130	0
	114	113	116	
Surf	131	0
	117	118	119	
Surf	132	0
	118	117	120	
Surf	133	0
	121	117	119	
Surf	134	0
	117	121	122	
Surf	135	0
	117	123	120	
Surf	136	0
	123	117	122	
Surf	137	0
	121	118	124	
Surf	138	0
	118	121	119	
Surf	139	0
	123	121	124	
Surf	140	0
	121	123	122	
Surf	141	0
	123	118	120	
Surf	142	0
	118	123	124	
Surf	143	0
	125	126	127	
Surf	144	0
	126	125	128	
Surf	145	0
	125	129	128	
Surf	146	0
	129	125	130	
Surf	147	0
	131	126	132	
Surf	148	0
	126	131	127	
Surf	149	0
	130	127	131	
Surf	150	0
	127	130	125	
Surf	151	0
	126	129	132	
Surf	152	0
	129	126	128	
Surf	153	0
	130	132	129	
Surf	154	0
	132	130	131	
Surf	155	0
	133	134	135	
Surf	156	0
	134	133	136	
Surf	157	0
	137	136	133	
Surf	158	0
	136	137	138	
Surf	159	0
	133	139	137	
Surf	160	0
	139	133	135	
Surf	161	0
	140	137	139	
Surf	162	0
	137	140	138	
Surf	163	0
	140	135	134	
Surf	164	0
	135	140	139	
Surf	165	0
	138	134	136	
Surf	166	0
	134	138	140	
Surf	167	0
	141	142	143	
Surf	168	0
	142	141	144	
Surf	169	0
	145	144	141	
Surf	170	0
	144	145	146	
Surf	171	0
	141	147	145	
Surf	172	0
	147	141	143	
Surf	173	0
	148	145	147	
Surf	174	0
	145	148	146	
Surf	175	0
	148	143	142	
Surf	176	0
	143	148	147	
Surf	177	0
	146	142	144	
Surf	178	0
	142	146	148	
Surf	179	0
	149	150	151	
Surf	180	0
	150	149	152	
Surf	181	0
	149	153	152	
Surf	182	0
	153	149	154	
Surf	183	0
	155	150	156	
Surf	184	0
	150	155	151	
Surf	185	0
	154	151	155	
Surf	186	0
	151	154	149	
Surf	187	0
	150	153	156	
Surf	188	0
	153	150	152	
Surf	189	0
	154	156	153	
Surf	190	0
	156	154	155	
Surf	191	0
	157	158	159	
Surf	192	0
	158	157	160	
Surf	193	0
	161	160	162	
Surf	194	0
	160	161	158	
Surf	195	0
	159	163	157	
Surf	196	0
	163	159	164	
Surf	197	0
	162	157	163	
Surf	198	0
	157	162	160	
Surf	199	0
	159	161	164	
Surf	200	0
	161	159	158	
Surf	201	0
	161	163	164	
Surf	202	0
	163	161	162	
Surf	203	0
	165	166	167	
Surf	204	0
	166	165	168	
Surf	205	0
	169	165	167	
Surf	206	0
	165	169	170	
Surf	207	0
	165	171	168	
Surf	208	0
	171	165	170	
Surf	209	0
	169	166	172	
Surf	210	0
	166	169	167	
Surf	211	0
	171	169	172	
Surf	212	0
	169	171	170	
Surf	213	0
	171	166	168	
Surf	214	0
	166	171	172	
Surf	215	0
	173	174	175	
Surf	216	0
	174	173	176	
Surf	217	0
	177	176	173	
Surf	218	0
	176	177	178	
Surf	219	0
	173	179	177	
Surf	220	0
	179	173	175	
Surf	221	0
	180	177	179	
Surf	222	0
	177	180	178	
Surf	223	0
	180	175	174	
Surf	224	0
	175	180	179	
Surf	225	0
	178	174	176	
Surf	226	0
	174	178	180	
Surf	227	0
	181	182	183	
Surf	228	0
	182	181	184	
Surf	229	0
	185	186	187	
Surf	230	0
	186	185	188	
Surf	231	0
	189	190	191	
Surf	232	0
	190	189	192	
Surf	233	0
	193	192	194	
Surf	234	0
	192	193	189	
Surf	235	0
	192	195	194	
Surf	236	0
	195	192	190	
Surf	237	0
	193	195	196	
Surf	238	0
	195	193	194	
Surf	239	0
	196	189	193	
Surf	240	0
	189	196	191	
Surf	241	0
	191	195	196	
Surf	242	0
	195	191	190	
Surf	243	0
	197	198	199	
Surf	244	0
	198	197	200	
Surf	245	0
	201	200	202	
Surf	246	0
	200	201	198	
Surf	247	0
	199	203	197	
Surf	248	0
	203	199	204	
Surf	249	0
	202	197	203	
Surf	250	0
	197	202	200	
Surf	251	0
	199	201	204	
Surf	252	0
	201	199	198	
Surf	253	0
	201	203	204	
Surf	254	0
	203	201	202	
Surf	255	0
	205	206	207	
Surf	256	0
	206	205	208	
Surf	257	0
	209	205	207	
Surf	258	0
	205	209	210	
Surf	259	0
	205	211	208	
Surf	260	0
	211	205	210	
Surf	261	0
	209	206	212	
Surf	262	0
	206	209	207	
Surf	263	0
	211	209	212	
Surf	264	0
	209	211	210	
Surf	265	0
	211	206	208	
Surf	266	0
	206	211	212	
Surf	267	0
	213	214	215	
Surf	268	0
	214	213	216	
Surf	269	0
	217	216	218	
Surf	270	0
	216	217	214	
Surf	271	0
	215	219	213	
Surf	272	0
	219	215	220	
Surf	273	0
	218	213	219	
Surf	274	0
	213	218	216	
Surf	275	0
	215	217	220	
Surf	276	0
	217	215	214	
Surf	277	0
	217	219	220	
Surf	278	0
	219	217	218	
Surf	279	0
	221	222	223	
Surf	280	0
	222	221	224	
Surf	281	0
	221	225	224	
Surf	282	0
	225	221	226	
Surf	283	0
	227	222	228	
Surf	284	0
	222	227	223	
Surf	285	0
	226	223	227	
Surf	286	0
	223	226	221	
Surf	287	0
	222	225	228	
Surf	288	0
	225	222	224	
Surf	289	0
	226	228	225	
Surf	290	0
	228	226	227	
Surf	291	0
	229	230	231	
Surf	292	0
	230	229	232	
Surf	293	0
	233	232	234	
Surf	294	0
	232	233	229	
Surf	295	0
	232	235	234	
Surf	296	0
	235	232	230	
Surf	297	0
	233	235	236	
Surf	298	0
	235	233	234	
Surf	299	0
	236	229	233	
Surf	300	0
	229	236	231	
Surf	301	0
	231	235	236	
Surf	302	0
	235	231	230	
Surf	303	0
	237	238	239	
Surf	304	0
	238	237	240	
Surf	305	0
	241	240	242	
Surf	306	0
	240	241	237	
Surf	307	0
	240	243	242	
Surf	308	0
	243	240	238	
Surf	309	0
	241	243	244	
Surf	310	0
	243	241	242	
Surf	311	0
	244	237	241	
Surf	312	0
	237	244	239	
Surf	313	0
	239	243	244	
Surf	314	0
	243	239	238	
Surf	315	0
	245	246	247	
Surf	316	0
	246	245	248	
Surf	317	0
	249	248	245	
Surf	318	0
	248	249	250	
Surf	319	0
	250	251	252	
Surf	320	0
	251	250	249	
Surf	321	0
	250	246	248	
Surf	322	0
	246	250	252	
Surf	323	0
	252	247	246	
Surf	324	0
	247	252	251	
Surf	325	0
	251	245	247	
Surf	326	0
	245	251	249	
Surf	327	0
	253	254	255	
Surf	328	0
	254	253	256	
Surf	329	0
	257	255	254	
Surf	330	0
	255	257	258	
Surf	331	0
	259	258	257	
Surf	332	0
	258	259	260	
Surf	333	0
	260	256	253	
Surf	334	0
	256	260	259	
Surf	335	0
	253	258	260	
Surf	336	0
	258	253	255	
Surf	337	0
	254	259	257	
Surf	338	0
	259	254	256	
Surf	339	0
	261	262	263	
Surf	340	0
	262	261	264	
Surf	341	0
	265	264	266	
Surf	342	0
	264	265	262	
Surf	343	0
	263	267	261	
Surf	344	0
	267	263	268	
Surf	345	0
	266	261	267	
Surf	346	0
	261	266	264	
Surf	347	0
	263	265	268	
Surf	348	0
	265	263	262	
Surf	349	0
	265	267	268	
Surf	350	0
	267	265	266	
Surf	351	0
	269	270	271	
Surf	352	0
	270	269	272	
Surf	353	0
	269	273	274	
Surf	354	0
	273	269	271	
Surf	355	0
	274	272	269	
Surf	356	0
	272	274	275	
Surf	357	0
	270	275	276	
Surf	358	0
	275	270	272	
Surf	359	0
	270	273	271	
Surf	360	0
	273	270	276	
Surf	361	0
	276	274	273	
Surf	362	0
	274	276	275	
Surf	363	0
	277	278	279	
Surf	364	0
	278	277	280	
Surf	365	0
	281	280	282	
Surf	366	0
	280	281	278	
Surf	367	0
	279	283	277	
Surf	368	0
	283	279	284	
Surf	369	0
	282	277	283	
Surf	370	0
	277	282	280	
Surf	371	0
	279	281	284	
Surf	372	0
	281	279	278	
Surf	373	0
	281	283	284	
Surf	374	0
	283	281	282	
Surf	375	0
	285	286	287	
Surf	376	0
	286	285	288	
Surf	377	0
	289	288	285	
Surf	378	0
	288	289	290	
Surf	379	0
	285	291	289	
Surf	380	0
	291	285	287	
Surf	381	0
	292	289	291	
Surf	382	0
	289	292	290	
Surf	383	0
	292	287	286	
Surf	384	0
	287	292	291	
Surf	385	0
	290	286	288	
Surf	386	0
	286	290	292	
Surf	387	0
	293	294	295	
Surf	388	0
	294	293	296	
Surf	389	0
	293	297	296	
Surf	390	0
	297	293	298	
Surf	391	0
	299	294	300	
Surf	392	0
	294	299	295	
Surf	393	0
	298	295	299	
Surf	394	0
	295	298	293	
Surf	395	0
	294	297	300	
Surf	396	0
	297	294	296	
Surf	397	0
	298	300	297	
Surf	398	0
	300	298	299	
Surf	399	0
	301	302	303	
Surf	400	0
	302	301	304	
Surf	401	0
	305	304	306	
Surf	402	0
	304	305	301	
Surf	403	0
	304	307	306	
Surf	404	0
	307	304	302	
Surf	405	0
	305	307	308	
Surf	406	0
	307	305	306	
Surf	407	0
	308	301	305	
Surf	408	0
	301	308	303	
Surf	409	0
	303	307	308	
Surf	410	0
	307	303	302	
Surf	411	0
	309	310	311	
Surf	412	0
	310	309	312	
Surf	413	0
	313	312	309	
Surf	414	0
	312	313	314	
Surf	415	0
	309	315	313	
Surf	416	0
	315	309	311	
Surf	417	0
	316	313	315	
Surf	418	0
	313	316	314	
Surf	419	0
	316	311	310	
Surf	420	0
	311	316	315	
Surf	421	0
	314	310	312	
Surf	422	0
	310	314	316	
Surf	423	0
	317	318	319	
Surf	424	0
	318	317	320	
Surf	425	0
	321	320	317	
Surf	426	0
	320	321	322	
Surf	427	0
	317	323	321	
Surf	428	0
	323	317	319	
Surf	429	0
	324	321	323	
Surf	430	0
	321	324	322	
Surf	431	0
	324	319	318	
Surf	432	0
	319	324	323	
Surf	433	0
	322	318	320	
Surf	434	0
	318	322	324	
Surf	435	0
	325	326	327	
Surf	436	0
	326	325	328	
Surf	437	0
	329	327	326	
Surf	438	0
	327	329	330	
Surf	439	0
	331	330	329	
Surf	440	0
	330	331	332	
Surf	441	0
	332	328	325	
Surf	442	0
	328	332	331	
Surf	443	0
	325	330	332	
Surf	444	0
	330	325	327	
Surf	445	0
	326	331	329	
Surf	446	0
	331	326	328	
Surf	447	0
	333	334	335	
Surf	448	0
	334	333	336	
Surf	449	0
	333	337	336	
Surf	450	0
	337	333	338	
Surf	451	0
	339	334	340	
Surf	452	0
	334	339	335	
Surf	453	0
	338	335	339	
Surf	454	0
	335	338	333	
Surf	455	0
	334	337	340	
Surf	456	0
	337	334	336	
Surf	457	0
	338	340	337	
Surf	458	0
	340	338	339	
Surf	459	0
	341	342	343	
Surf	460	0
	342	341	344	
Surf	461	0
	345	342	346	
Surf	462	0
	342	345	343	
Surf	463	0
	342	347	346	
Surf	464	0
	347	342	344	
Surf	465	0
	341	345	348	
Surf	466	0
	345	341	343	
Surf	467	0
	341	347	344	
Surf	468	0
	347	341	348	
Surf	469	0
	347	345	346	
Surf	470	0
	345	347	348	
Surf	471	0
	349	350	351	
Surf	472	0
	350	349	352	
Surf	473	0
	353	350	354	
Surf	474	0
	350	353	351	
Surf	475	0
	350	355	354	
Surf	476	0
	355	350	352	
Surf	477	0
	349	353	356	
Surf	478	0
	353	349	351	
Surf	479	0
	349	355	352	
Surf	480	0
	355	349	356	
Surf	481	0
	355	353	354	
Surf	482	0
	353	355	356	
Surf	483	0
	357	358	359	
Surf	484	0
	358	357	360	
Surf	485	0
	361	358	362	
Surf	486	0
	358	361	359	
Surf	487	0
	358	363	362	
Surf	488	0
	363	358	360	
Surf	489	0
	357	361	364	
Surf	490	0
	361	357	359	
Surf	491	0
	357	363	360	
Surf	492	0
	363	357	364	
Surf	493	0
	363	361	362	
Surf	494	0
	361	363	364	
Surf	495	0
	365	366	367	
Surf	496	0
	366	365	368	
Surf	497	0
	369	366	370	
Surf	498	0
	366	369	367	
Surf	499	0
	366	371	370	
Surf	500	0
	371	366	368	
Surf	501	0
	365	369	372	
Surf	502	0
	369	365	367	
Surf	503	0
	365	371	368	
Surf	504	0
	371	365	372	
Surf	505	0
	371	369	370	
Surf	506	0
	369	371	372	
Surf	507	0
	373	374	375	
Surf	508	0
	374	373	376	
Surf	509	0
	377	374	378	
Surf	510	0
	374	377	375	
Surf	511	0
	374	379	378	
Surf	512	0
	379	374	376	
Surf	513	0
	373	377	380	
Surf	514	0
	377	373	375	
Surf	515	0
	373	379	376	
Surf	516	0
	379	373	380	
Surf	517	0
	379	377	378	
Surf	518	0
	377	379	380	
Surf	519	0
	381	382	383	
Surf	520	0
	382	381	384	
Surf	521	0
	385	382	386	
Surf	522	0
	382	385	383	
Surf	523	0
	382	387	386	
Surf	524	0
	387	382	384	
Surf	525	0
	381	385	388	
Surf	526	0
	385	381	383	
Surf	527	0
	381	387	384	
Surf	528	0
	387	381	388	
Surf	529	0
	387	385	386	
Surf	530	0
	385	387	388	
Surf	531	0
	389	390	391	
Surf	532	0
	390	389	392	
Surf	533	0
	393	390	394	
Surf	534	0
	390	393	391	
Surf	535	0
	390	395	394	
Surf	536	0
	395	390	392	
Surf	537	0
	389	393	396	
Surf	538	0
	393	389	391	
Surf	539	0
	389	395	392	
Surf	540	0
	395	389	396	
Surf	541	0
	395	393	394	
Surf	542	0
	393	395	396	
Surf	543	0
	397	398	399	
Surf	544	0
	398	397	400	
Surf	545	0
	401	398	402	
Surf	546	0
	398	401	399	
Surf	547	0
	398	403	402	
Surf	548	0
	403	398	400	
Surf	549	0
	397	401	404	
Surf	550	0
	401	397	399	
Surf	551	0
	397	403	400	
Surf	552	0
	403	397	404	
Surf	553	0
	403	401	402	
Surf	554	0
	401	403	404	
Surf	555	0
	405	406	407	
Surf	556	0
	406	405	408	
Surf	557	0
	409	406	410	
Surf	558	0
	406	409	407	
Surf	559	0
	406	411	410	
Surf	560	0
	411	406	408	
Surf	561	0
	405	409	412	
Surf	562	0
	409	405	407	
Surf	563	0
	405	411	408	
Surf	564	0
	411	405	412	
Surf	565	0
	411	409	410	
Surf	566	0
	409	411	412	
Surf	567	0
	413	414	415	
Surf	568	0
	414	413	416	
Surf	569	0
	417	414	418	
Surf	570	0
	414	417	415	
Surf	571	0
	414	419	418	
Surf	572	0
	419	414	416	
Surf	573	0
	413	417	420	
Surf	574	0
	417	413	415	
Surf	575	0
	413	419	416	
Surf	576	0
	419	413	420	
Surf	577	0
	419	417	418	
Surf	578	0
	417	419	420	
Surf	579	0
	421	422	423	
Surf	580	0
	422	421	424	
Surf	581	0
	425	422	426	
Surf	582	0
	422	425	423	
Surf	583	0
	422	427	426	
Surf	584	0
	427	422	424	
Surf	585	0
	421	425	428	
Surf	586	0
	425	421	423	
Surf	587	0
	421	427	424	
Surf	588	0
	427	421	428	
Surf	589	0
	427	425	426	
Surf	590	0
	425	427	428	
Surf	591	0
	429	430	431	
Surf	592	0
	430	429	432	
Surf	593	0
	433	430	434	
Surf	594	0
	430	433	431	
Surf	595	0
	430	435	434	
Surf	596	0
	435	430	432	
Surf	597	0
	429	433	436	
Surf	598	0
	433	429	431	
Surf	599	0
	429	435	432	
Surf	600	0
	435	429	436	
Surf	601	0
	435	433	434	
Surf	602	0
	433	435	436	
Surf	603	0
	437	438	439	
Surf	604	0
	438	437	440	
Surf	605	0
	441	438	442	
Surf	606	0
	438	441	439	
Surf	607	0
	438	443	442	
Surf	608	0
	443	438	440	
Surf	609	0
	437	441	444	
Surf	610	0
	441	437	439	
Surf	611	0
	437	443	440	
Surf	612	0
	443	437	444	
Surf	613	0
	443	441	442	
Surf	614	0
	441	443	444	
Surf	615	0
	445	446	447	
Surf	616	0
	446	445	448	
Surf	617	0
	449	446	450	
Surf	618	0
	446	449	447	
Surf	619	0
	446	451	450	
Surf	620	0
	451	446	448	
Surf	621	0
	445	449	452	
Surf	622	0
	449	445	447	
Surf	623	0
	445	451	448	
Surf	624	0
	451	445	452	
Surf	625	0
	451	449	450	
Surf	626	0
	449	451	452	
Surf	627	0
	453	454	455	
Surf	628	0
	454	453	456	
Surf	629	0
	457	454	458	
Surf	630	0
	454	457	455	
Surf	631	0
	454	459	458	
Surf	632	0
	459	454	456	
Surf	633	0
	453	457	460	
Surf	634	0
	457	453	455	
Surf	635	0
	453	459	456	
Surf	636	0
	459	453	460	
Surf	637	0
	459	457	458	
Surf	638	0
	457	459	460	
Surf	639	0
	461	462	463	
Surf	640	0
	462	461	464	
Surf	641	0
	465	462	466	
Surf	642	0
	462	465	463	
Surf	643	0
	462	467	466	
Surf	644	0
	467	462	464	
Surf	645	0
	461	465	468	
Surf	646	0
	465	461	463	
Surf	647	0
	461	467	464	
Surf	648	0
	467	461	468	
Surf	649	0
	467	465	466	
Surf	650	0
	465	467	468	
Surf	651	0
	469	470	471	
Surf	652	0
	470	469	472	
Surf	653	0
	473	470	474	
Surf	654	0
	470	473	471	
Surf	655	0
	470	475	474	
Surf	656	0
	475	470	472	
Surf	657	0
	469	473	476	
Surf	658	0
	473	469	471	
Surf	659	0
	469	475	472	
Surf	660	0
	475	469	476	
Surf	661	0
	475	473	474	
Surf	662	0
	473	475	476	
Surf	663	0
	477	478	479	
Surf	664	0
	478	477	480	
Surf	665	0
	481	478	482	
Surf	666	0
	478	481	479	
Surf	667	0
	478	483	482	
Surf	668	0
	483	478	480	
Surf	669	0
	477	481	484	
Surf	670	0
	481	477	479	
Surf	671	0
	477	483	480	
Surf	672	0
	483	477	484	
Surf	673	0
	483	481	482	
Surf	674	0
	481	483	484	
Surf	675	0
	485	486	487	
Surf	676	0
	486	485	488	
Surf	677	0
	489	486	490	
Surf	678	0
	486	489	487	
Surf	679	0
	486	491	490	
Surf	680	0
	491	486	488	
Surf	681	0
	485	489	492	
Surf	682	0
	489	485	487	
Surf	683	0
	485	491	488	
Surf	684	0
	491	485	492	
Surf	685	0
	491	489	490	
Surf	686	0
	489	491	492	
Surf	687	0
	517	514	518	
Surf	688	0
	514	517	503	
Surf	689	0
	519	514	505	
Surf	690	0
	514	519	518	
Surf	691	0
	517	504	503	
Surf	692	0
	504	517	520	
Surf	693	0
	521	513	522	
Surf	694	0
	513	521	498	
Surf	695	0
	521	501	498	
Surf	696	0
	501	521	523	
Surf	697	0
	524	521	522	
Surf	698	0
	521	524	523	
Surf	699	0
	504	519	505	
Surf	700	0
	519	504	520	
Surf	701	0
	524	513	502	
Surf	702	0
	513	524	522	
Surf	703	0
	501	524	502	
Surf	704	0
	524	501	523	
Surf	705	0
	525	510	509	
Surf	706	0
	510	525	526	
Surf	707	0
	527	525	528	
Surf	708	0
	525	527	526	
Surf	709	0
	527	516	511	
Surf	710	0
	516	527	528	
Surf	711	0
	529	530	531	
Surf	712	0
	530	529	532	
Surf	713	0
	525	516	528	
Surf	714	0
	516	525	509	
Surf	715	0
	530	515	531	
Surf	716	0
	515	530	506	
Surf	717	0
	529	515	508	
Surf	718	0
	515	529	531	
Surf	719	0
	519	517	518	
Surf	720	0
	517	519	520	
Surf	721	0
	530	507	506	
Surf	722	0
	507	530	532	
Surf	723	0
	510	527	511	
Surf	724	0
	527	510	526	
Surf	725	0
	507	529	508	
Surf	726	0
	529	507	532	
Surf	727	0
	533	534	535	
Surf	728	0
	534	533	536	
Surf	729	0
	537	536	533	
Surf	730	0
	536	537	538	
Surf	731	0
	538	537	539	
Surf	732	0
	538	539	540	
Surf	733	0
	541	535	534	
Surf	734	0
	535	541	542	
Surf	735	0
	542	541	543	
Surf	736	0
	543	541	544	
Surf	737	0
	541	540	544	
Surf	738	0
	540	541	538	
Surf	739	0
	545	546	547	
Surf	740	0
	546	545	548	
Surf	741	0
	549	545	547	
Surf	742	0
	545	549	550	
Surf	743	0
	549	551	552	
Surf	744	0
	551	549	553	
Surf	745	0
	553	549	546	
Surf	746	0
	546	549	547	
Surf	747	0
	540	543	544	
Surf	748	0
	543	540	539	
Surf	749	0
	554	555	556	
Surf	750	0
	555	554	557	
Surf	751	0
	536	541	534	
Surf	752	0
	541	536	538	
Surf	753	0
	558	559	560	
Surf	754	0
	559	558	561	
Surf	755	0
	562	552	551	
Surf	756	0
	552	562	563	
Surf	757	0
	564	557	554	
Surf	758	0
	557	564	561	
Surf	759	0
	561	564	565	
Surf	760	0
	561	565	559	
Surf	761	0
	558	556	555	
Surf	762	0
	556	558	566	
Surf	763	0
	566	558	567	
Surf	764	0
	567	558	560	
Surf	765	0
	568	563	562	
Surf	766	0
	563	568	550	
Surf	767	0
	550	568	548	
Surf	768	0
	550	548	545	
Surf	769	0
	557	558	555	
Surf	770	0
	558	557	561	
Surf	771	0
	563	549	552	
Surf	772	0
	549	563	550	
Surf	773	0
	559	567	560	
Surf	774	0
	567	559	565	
Surf	775	0
	569	570	571	
Surf	776	0
	570	569	572	
Surf	777	0
	573	574	575	
Surf	778	0
	574	573	576	
Surf	779	0
	576	569	574	
Surf	780	0
	569	576	572	
Surf	781	0
	577	576	573	
Surf	782	0
	576	577	572	
Surf	783	0
	572	577	578	
Surf	784	0
	572	578	570	
Surf	785	0
	570	579	571	
Surf	786	0
	579	570	578	
Surf	787	0
	569	575	574	
Surf	788	0
	575	569	580	
Surf	789	0
	580	569	579	
Surf	790	0
	579	569	571	
Surf	791	0
	580	548	568	
Surf	792	0
	548	580	579	
Surf	793	0
	578	580	579	
Surf	794	0
	580	578	577	
Surf	795	0
	553	539	537	
Surf	796	0
	539	553	546	
Surf	797	0
	566	584	581	
Surf	798	0
	584	566	567	
Surf	799	0
	542	565	564	
Surf	800	0
	565	542	543	
Surf	801	0
	539	542	543	
Surf	802	0
	542	539	537	
Surf	803	0
	548	553	546	
Surf	804	0
	553	548	568	
Surf	805	0
	566	554	556	
Surf	806	0
	554	566	564	
Surf	807	0
	568	551	553	
Surf	808	0
	551	568	562	
Surf	809	0
	577	575	580	
Surf	810	0
	575	577	573	
Surf	811	0
	565	566	567	
Surf	812	0
	566	565	564	
Surf	813	0
	537	535	542	
Surf	814	0
	535	537	533	
Surf	815	0
	595	591	596	
Surf	816	0
	591	595	581	
Surf	817	0
	597	586	592	
Surf	818	0
	586	597	598	
Surf	819	0
	595	578	577	
Surf	820	0
	578	595	599	
Surf	821	0
	600	601	602	
Surf	822	0
	601	600	603	
Surf	823	0
	584	604	585	
Surf	824	0
	604	584	599	
Surf	825	0
	605	606	607	
Surf	826	0
	606	605	608	
Surf	827	0
	606	609	610	
Surf	828	0
	609	606	607	
Surf	829	0
	604	591	585	
Surf	830	0
	591	604	596	
Surf	831	0
	586	611	587	
Surf	832	0
	611	586	610	
Surf	833	0
	610	586	606	
Surf	834	0
	606	586	601	
Surf	835	0
	601	586	612	
Surf	836	0
	612	586	598	
Surf	837	0
	606	603	608	
Surf	838	0
	603	606	601	
Surf	839	0
	600	607	605	
Surf	840	0
	607	600	602	
Surf	841	0
	612	602	601	
Surf	842	0
	602	612	613	
Surf	843	0
	601	607	606	
Surf	844	0
	607	601	602	
Surf	845	0
	611	593	587	
Surf	846	0
	593	611	614	
Surf	847	0
	614	610	611	
Surf	848	0
	610	614	609	
Surf	849	0
	588	615	589	
Surf	850	0
	615	588	610	
Surf	851	0
	610	588	611	
Surf	852	0
	615	582	589	
Surf	853	0
	582	615	609	
Surf	854	0
	609	615	610	
Surf	855	0
	609	590	582	
Surf	856	0
	590	609	614	
Surf	857	0
	597	602	613	
Surf	858	0
	602	597	607	
Surf	859	0
	607	597	609	
Surf	860	0
	609	597	614	
Surf	861	0
	614	597	593	
Surf	862	0
	593	597	592	
Surf	863	0
	614	588	590	
Surf	864	0
	588	614	611	
Surf	865	0
	616	617	618	
Surf	866	0
	617	616	619	
Surf	867	0
	646	647	648	
Surf	868	0
	647	646	649	
Surf	869	0
	646	650	649	
Surf	870	0
	650	646	651	
Surf	871	0
	662	663	664	
Surf	872	0
	663	662	665	
Surf	873	0
	666	667	668	
Surf	874	0
	667	666	669	
Surf	875	0
	670	671	672	
Surf	876	0
	671	670	673	
Surf	877	0
	665	670	673	
Surf	878	0
	670	665	663	
Surf	879	0
	674	675	676	
Surf	880	0
	675	674	677	
Surf	881	0
	678	679	680	
Surf	882	0
	679	678	681	
Surf	883	0
	682	683	684	
Surf	884	0
	683	682	685	
Surf	885	0
	686	687	688	
Surf	886	0
	687	686	689	
Surf	887	0
	690	683	691	
Surf	888	0
	683	690	685	
Surf	889	0
	692	693	694	
Surf	890	0
	693	692	695	
Surf	891	0
	696	684	682	
Surf	892	0
	684	696	697	
Surf	893	0
	698	699	700	
Surf	894	0
	699	698	701	
Surf	895	0
	708	677	674	
Surf	896	0
	677	708	709	
Surf	897	0
	710	677	694	
Surf	898	0
	677	710	709	
Surf	899	0
	691	696	697	
Surf	900	0
	696	691	690	
Surf	901	0
	680	693	711	
Surf	902	0
	693	680	694	
Surf	903	0
	694	680	679	
Surf	904	0
	694	679	710	
Surf	905	0
	710	679	712	
Surf	906	0
	710	712	713	
Surf	907	0
	681	722	679	
Surf	908	0
	722	681	723	
Surf	909	0
	696	685	690	
Surf	910	0
	685	696	682	
Surf	911	0
	649	724	647	
Surf	912	0
	724	649	650	
Surf	913	0
	650	725	726	
Surf	914	0
	725	650	649	
Surf	915	0
	729	680	711	
Surf	916	0
	680	729	678	
Surf	917	0
	697	730	731	
Surf	918	0
	730	697	732	
Surf	919	0
	732	697	696	
Surf	920	0
	732	696	733	
Surf	921	0
	733	696	687	
Surf	922	0
	733	687	689	
Surf	923	0
	734	679	680	
Surf	924	0
	679	734	722	
Surf	925	0
	733	686	735	
Surf	926	0
	686	733	689	
Surf	927	0
	727	650	726	
Surf	928	0
	650	727	651	
Surf	929	0
	651	727	736	
Surf	930	0
	736	727	737	
Surf	931	0
	737	727	671	
Surf	932	0
	671	727	673	
Surf	933	0
	673	727	665	
Surf	934	0
	665	727	676	
Surf	935	0
	676	727	674	
Surf	936	0
	674	727	708	
Surf	937	0
	708	727	738	
Surf	938	0
	738	727	739	
Surf	939	0
	739	727	723	
Surf	940	0
	723	727	740	
Surf	941	0
	740	727	691	
Surf	942	0
	691	727	690	
Surf	943	0
	690	727	687	
Surf	944	0
	687	727	689	
Surf	945	0
	689	727	700	
Surf	946	0
	700	727	698	
Surf	947	0
	698	727	741	
Surf	948	0
	741	727	618	
Surf	949	0
	618	727	616	
Surf	950	0
	616	727	705	
Surf	951	0
	742	727	728	
Surf	952	0
	727	742	705	
Surf	953	0
	705	742	743	
Surf	954	0
	705	743	744	
Surf	955	0
	705	744	669	
Surf	956	0
	705	669	706	
Surf	957	0
	617	741	745	
Surf	958	0
	741	617	618	
Surf	959	0
	703	745	741	
Surf	960	0
	745	703	702	
Surf	961	0
	694	674	677	
Surf	962	0
	674	694	692	
Surf	963	0
	676	663	665	
Surf	964	0
	663	676	675	
Surf	965	0
	747	748	749	
Surf	966	0
	748	747	743	
Surf	967	0
	721	750	714	
Surf	968	0
	750	721	751	
Surf	969	0
	737	752	736	
Surf	970	0
	752	737	753	
Surf	971	0
	715	754	717	
Surf	972	0
	754	715	755	
Surf	973	0
	740	722	723	
Surf	974	0
	722	740	734	
Surf	975	0
	666	756	757	
Surf	976	0
	756	666	668	
Surf	977	0
	758	641	759	
Surf	978	0
	641	758	640	
Surf	979	0
	681	740	678	
Surf	980	0
	740	681	723	
Surf	981	0
	719	760	716	
Surf	982	0
	760	719	761	
Surf	983	0
	671	762	672	
Surf	984	0
	762	671	763	
Surf	985	0
	681	712	679	
Surf	986	0
	712	681	739	
Surf	987	0
	764	765	766	
Surf	988	0
	765	764	767	
Surf	989	0
	767	764	763	
Surf	990	0
	767	763	662	
Surf	991	0
	662	763	671	
Surf	992	0
	662	671	673	
Surf	993	0
	706	617	619	
Surf	994	0
	617	706	745	
Surf	995	0
	745	706	701	
Surf	996	0
	701	706	699	
Surf	997	0
	699	706	686	
Surf	998	0
	686	706	688	
Surf	999	0
	688	706	685	
Surf	1000	0
	685	706	683	
Surf	1001	0
	683	706	734	
Surf	1002	0
	734	706	722	
Surf	1003	0
	722	706	712	
Surf	1004	0
	712	706	713	
Surf	1005	0
	713	706	709	
Surf	1006	0
	709	706	677	
Surf	1007	0
	677	706	675	
Surf	1008	0
	675	706	663	
Surf	1009	0
	663	706	670	
Surf	1010	0
	670	706	672	
Surf	1011	0
	672	706	753	
Surf	1012	0
	753	706	752	
Surf	1013	0
	752	706	646	
Surf	1014	0
	646	706	649	
Surf	1015	0
	649	706	725	
Surf	1016	0
	725	706	728	
Surf	1017	0
	667	744	768	
Surf	1018	0
	744	667	669	
Surf	1019	0
	765	769	766	
Surf	1020	0
	769	765	770	
Surf	1021	0
	771	759	772	
Surf	1022	0
	759	771	758	
Surf	1023	0
	773	774	775	
Surf	1024	0
	774	773	742	
Surf	1025	0
	758	638	771	
Surf	1026	0
	638	758	640	
Surf	1027	0
	771	645	772	
Surf	1028	0
	645	771	638	
Surf	1029	0
	718	776	720	
Surf	1030	0
	776	718	777	
Surf	1031	0
	761	750	760	
Surf	1032	0
	750	761	751	
Surf	1033	0
	778	636	779	
Surf	1034	0
	636	778	633	
Surf	1035	0
	777	754	776	
Surf	1036	0
	754	777	755	
Surf	1037	0
	780	625	781	
Surf	1038	0
	625	780	627	
Surf	1039	0
	669	757	744	
Surf	1040	0
	757	669	666	
Surf	1041	0
	645	759	772	
Surf	1042	0
	759	645	641	
Surf	1043	0
	768	757	756	
Surf	1044	0
	757	768	744	
Surf	1045	0
	748	742	773	
Surf	1046	0
	742	748	743	
Surf	1047	0
	697	782	684	
Surf	1048	0
	782	697	731	
Surf	1049	0
	754	720	717	
Surf	1050	0
	720	754	776	
Surf	1051	0
	777	715	718	
Surf	1052	0
	715	777	755	
Surf	1053	0
	783	631	784	
Surf	1054	0
	631	783	626	
Surf	1055	0
	750	716	714	
Surf	1056	0
	716	750	760	
Surf	1057	0
	644	784	785	
Surf	1058	0
	784	644	631	
Surf	1059	0
	625	779	781	
Surf	1060	0
	779	625	636	
Surf	1061	0
	780	779	781	
Surf	1062	0
	779	780	778	
Surf	1063	0
	761	721	719	
Surf	1064	0
	721	761	751	
Surf	1065	0
	743	774	742	
Surf	1066	0
	774	743	747	
Surf	1067	0
	707	745	702	
Surf	1068	0
	745	707	617	
Surf	1069	0
	687	685	690	
Surf	1070	0
	685	687	688	
Surf	1071	0
	786	784	785	
Surf	1072	0
	784	786	783	
Surf	1073	0
	778	627	780	
Surf	1074	0
	627	778	633	
Surf	1075	0
	701	735	787	
Surf	1076	0
	735	701	699	
Surf	1077	0
	786	644	785	
Surf	1078	0
	644	786	624	
Surf	1079	0
	698	787	732	
Surf	1080	0
	787	698	701	
Surf	1081	0
	783	624	786	
Surf	1082	0
	624	783	626	
Surf	1083	0
	707	618	617	
Surf	1084	0
	618	707	704	
Surf	1085	0
	788	769	770	
Surf	1086	0
	769	788	789	
Surf	1087	0
	789	788	664	
Surf	1088	0
	789	664	762	
Surf	1089	0
	762	664	670	
Surf	1090	0
	762	670	672	
Surf	1091	0
	675	664	788	
Surf	1092	0
	664	675	663	
Surf	1093	0
	747	775	774	
Surf	1094	0
	775	747	749	
Surf	1095	0
	668	768	756	
Surf	1096	0
	768	668	667	
Surf	1097	0
	762	752	789	
Surf	1098	0
	752	762	753	
Surf	1099	0
	789	736	752	
Surf	1100	0
	736	789	764	
Surf	1101	0
	662	676	767	
Surf	1102	0
	676	662	665	
Surf	1103	0
	691	734	740	
Surf	1104	0
	734	691	683	
Surf	1105	0
	736	763	764	
Surf	1106	0
	763	736	737	
Surf	1107	0
	749	773	775	
Surf	1108	0
	773	749	748	
Surf	1109	0
	676	788	767	
Surf	1110	0
	788	676	675	
Surf	1111	0
	736	646	651	
Surf	1112	0
	646	736	752	
Surf	1113	0
	764	769	789	
Surf	1114	0
	769	764	766	
Surf	1115	0
	737	762	753	
Surf	1116	0
	762	737	763	
Surf	1117	0
	723	712	739	
Surf	1118	0
	712	723	722	
Surf	1119	0
	767	664	788	
Surf	1120	0
	664	767	662	
Surf	1121	0
	765	788	770	
Surf	1122	0
	788	765	767	
Surf	1123	0
	662	670	664	
Surf	1124	0
	670	662	673	
Surf	1125	0
	671	753	737	
Surf	1126	0
	753	671	672	
Surf	1127	0
	700	686	689	
Surf	1128	0
	686	700	699	
Surf	1129	0
	684	691	683	
Surf	1130	0
	691	684	697	
Surf	1131	0
	700	735	733	
Surf	1132	0
	735	700	699	
Surf	1133	0
	741	704	703	
Surf	1134	0
	704	741	618	
Surf	1135	0
	733	698	732	
Surf	1136	0
	698	733	700	
Surf	1137	0
	724	651	746	
Surf	1138	0
	651	724	650	
Surf	1139	0
	732	735	787	
Surf	1140	0
	735	732	733	
Surf	1141	0
	730	787	790	
Surf	1142	0
	787	730	732	
Surf	1143	0
	651	648	746	
Surf	1144	0
	648	651	646	
Surf	1145	0
	730	782	731	
Surf	1146	0
	782	730	790	
Surf	1147	0
	763	789	762	
Surf	1148	0
	789	763	764	
Surf	1149	0
	738	710	713	
Surf	1150	0
	710	738	791	
Surf	1151	0
	687	682	688	
Surf	1152	0
	682	687	696	
Surf	1153	0
	740	680	678	
Surf	1154	0
	680	740	734	
Surf	1155	0
	791	694	710	
Surf	1156	0
	694	791	692	
Surf	1157	0
	674	791	692	
Surf	1158	0
	791	674	708	
Surf	1159	0
	741	701	698	
Surf	1160	0
	701	741	745	
Surf	1161	0
	692	729	695	
Surf	1162	0
	729	692	678	
Surf	1163	0
	678	692	791	
Surf	1164	0
	678	791	681	
Surf	1165	0
	681	791	738	
Surf	1166	0
	681	738	739	
Surf	1167	0
	787	782	790	
Surf	1168	0
	782	787	684	
Surf	1169	0
	684	787	735	
Surf	1170	0
	684	735	682	
Surf	1171	0
	682	735	686	
Surf	1172	0
	682	686	688	
Surf	1173	0
	708	710	709	
Surf	1174	0
	710	708	791	
Surf	1175	0
	729	693	695	
Surf	1176	0
	693	729	711	
Surf	1177	0
	712	738	713	
Surf	1178	0
	738	712	739	
Surf	1179	0
	738	709	708	
Surf	1180	0
	709	738	713	
BlockEnd layer 0
BlockBegin layer SUFIT
Layer	"SUFIT"	Gray
Surf	1181	SUFIT
	493	494	495	
Surf	1182	SUFIT
	494	493	496	
Surf	1183	SUFIT
	497	498	499	
Surf	1184	SUFIT
	498	497	500	
Surf	1185	SUFIT
	498	500	501	
Surf	1186	SUFIT
	501	500	502	
Surf	1187	SUFIT
	502	500	503	
Surf	1188	SUFIT
	503	500	504	
Surf	1189	SUFIT
	504	500	505	
Surf	1190	SUFIT
	505	500	494	
Surf	1191	SUFIT
	494	500	496	
Surf	1192	SUFIT
	496	500	506	
Surf	1193	SUFIT
	496	506	493	
Surf	1194	SUFIT
	506	500	507	
Surf	1195	SUFIT
	507	500	508	
Surf	1196	SUFIT
	508	500	509	
Surf	1197	SUFIT
	509	500	510	
Surf	1198	SUFIT
	510	500	511	
Surf	1199	SUFIT
	499	495	512	
Surf	1200	SUFIT
	495	499	513	
Surf	1201	SUFIT
	513	499	498	
Surf	1202	SUFIT
	495	513	502	
Surf	1203	SUFIT
	495	502	514	
Surf	1204	SUFIT
	514	502	503	
Surf	1205	SUFIT
	495	514	505	
Surf	1206	SUFIT
	495	505	494	
Surf	1207	SUFIT
	512	495	493	
Surf	1208	SUFIT
	512	493	515	
Surf	1209	SUFIT
	515	493	506	
Surf	1210	SUFIT
	512	515	508	
Surf	1211	SUFIT
	512	508	516	
Surf	1212	SUFIT
	516	508	509	
Surf	1213	SUFIT
	512	516	511	
Surf	1214	SUFIT
	512	511	500	
Surf	1215	SUFIT
	504	514	503	
Surf	1216	SUFIT
	514	504	505	
Surf	1217	SUFIT
	501	513	498	
Surf	1218	SUFIT
	513	501	502	
Surf	1219	SUFIT
	510	516	509	
Surf	1220	SUFIT
	516	510	511	
Surf	1221	SUFIT
	507	515	506	
Surf	1222	SUFIT
	515	507	508	
BlockEnd layer SUFIT
BlockBegin layer DACH
Layer	"DACH"	Green
Surf	1223	DACH
	500	499	497	
Surf	1224	DACH
	499	500	512	
Surf	1225	DACH
	499	581	582	
Surf	1226	DACH
	581	499	583	
Surf	1227	DACH
	581	583	584	
Surf	1228	DACH
	584	583	497	
Surf	1229	DACH
	584	497	585	
Surf	1230	DACH
	585	497	586	
Surf	1231	DACH
	586	497	587	
Surf	1232	DACH
	587	497	588	
Surf	1233	DACH
	588	497	589	
Surf	1234	DACH
	582	497	499	
Surf	1235	DACH
	497	582	589	
Surf	1236	DACH
	590	593	587	
Surf	1237	DACH
	590	587	588	
Surf	1238	DACH
	585	592	591	
Surf	1239	DACH
	592	585	586	
Surf	1240	DACH
	583	500	497	
Surf	1241	DACH
	500	583	594	
Surf	1242	DACH
	594	499	512	
Surf	1243	DACH
	499	594	583	
Surf	1244	DACH
	586	593	592	
Surf	1245	DACH
	593	586	587	
Surf	1246	DACH
	604	595	596	
Surf	1247	DACH
	595	604	599	
Surf	1248	DACH
	608	600	605	
Surf	1249	DACH
	600	608	603	
Surf	1250	DACH
	584	591	581	
Surf	1251	DACH
	591	584	585	
Surf	1252	DACH
	590	589	582	
Surf	1253	DACH
	589	590	588	
Surf	1254	DACH
	500	605	512	
Surf	1255	DACH
	605	500	608	
Surf	1256	DACH
	608	500	603	
Surf	1257	DACH
	603	500	612	
Surf	1258	DACH
	612	500	598	
Surf	1259	DACH
	598	500	604	
Surf	1260	DACH
	604	500	599	
Surf	1261	DACH
	512	595	594	
Surf	1262	DACH
	595	512	605	
Surf	1263	DACH
	594	595	599	
Surf	1264	DACH
	594	599	500	
Surf	1265	DACH
	598	596	597	
Surf	1266	DACH
	596	598	604	
Surf	1267	DACH
	603	613	600	
Surf	1268	DACH
	613	603	612	
Surf	1269	DACH
	612	597	613	
Surf	1270	DACH
	597	612	598	
BlockEnd layer DACH
BlockBegin layer _CIANY
Layer	"_CIANY"	Lime
Surf	1271	_CIANY
	620	621	622	
Surf	1272	_CIANY
	621	620	623	
Surf	1273	_CIANY
	624	625	626	
Surf	1274	_CIANY
	626	625	628	
Surf	1275	_CIANY
	628	625	629	
Surf	1276	_CIANY
	626	628	630	
Surf	1277	_CIANY
	626	630	631	
Surf	1278	_CIANY
	627	632	633	
Surf	1279	_CIANY
	632	627	634	
Surf	1280	_CIANY
	633	632	635	
Surf	1281	_CIANY
	633	635	636	
Surf	1282	_CIANY
	637	638	639	
Surf	1283	_CIANY
	638	637	500	
Surf	1284	_CIANY
	638	500	640	
Surf	1285	_CIANY
	640	500	641	
Surf	1286	_CIANY
	641	500	642	
Surf	1287	_CIANY
	642	500	635	
Surf	1288	_CIANY
	635	500	643	
Surf	1289	_CIANY
	643	500	630	
Surf	1290	_CIANY
	639	644	497	
Surf	1291	_CIANY
	644	639	638	
Surf	1292	_CIANY
	497	644	631	
Surf	1293	_CIANY
	497	631	630	
Surf	1294	_CIANY
	497	630	500	
Surf	1295	_CIANY
	636	629	625	
Surf	1296	_CIANY
	629	636	643	
Surf	1297	_CIANY
	643	636	635	
Surf	1298	_CIANY
	627	645	634	
Surf	1299	_CIANY
	634	645	641	
Surf	1300	_CIANY
	634	641	642	
Surf	1301	_CIANY
	652	653	654	
Surf	1302	_CIANY
	653	652	655	
Surf	1303	_CIANY
	637	656	639	
Surf	1304	_CIANY
	656	637	657	
Surf	1305	_CIANY
	657	637	658	
Surf	1306	_CIANY
	659	660	661	
Surf	1307	_CIANY
	660	659	639	
Surf	1308	_CIANY
	660	639	656	
Surf	1309	_CIANY
	661	660	658	
Surf	1310	_CIANY
	661	658	637	
Surf	1311	_CIANY
	637	512	661	
Surf	1312	_CIANY
	512	637	702	
Surf	1313	_CIANY
	512	702	619	
Surf	1314	_CIANY
	702	637	703	
Surf	1315	_CIANY
	703	637	704	
Surf	1316	_CIANY
	704	637	616	
Surf	1317	_CIANY
	616	637	705	
Surf	1318	_CIANY
	512	706	500	
Surf	1319	_CIANY
	706	512	619	
Surf	1320	_CIANY
	500	706	705	
Surf	1321	_CIANY
	500	705	637	
Surf	1322	_CIANY
	619	707	616	
Surf	1323	_CIANY
	616	707	704	
Surf	1324	_CIANY
	630	629	628	
Surf	1325	_CIANY
	629	630	643	
Surf	1326	_CIANY
	714	715	716	
Surf	1327	_CIANY
	716	715	718	
Surf	1328	_CIANY
	659	717	661	
Surf	1329	_CIANY
	717	659	499	
Surf	1330	_CIANY
	661	717	714	
Surf	1331	_CIANY
	717	499	720	
Surf	1332	_CIANY
	720	499	718	
Surf	1333	_CIANY
	661	721	512	
Surf	1334	_CIANY
	721	661	714	
Surf	1335	_CIANY
	512	721	719	
Surf	1336	_CIANY
	512	719	718	
Surf	1337	_CIANY
	512	718	499	
Surf	1338	_CIANY
	727	725	728	
Surf	1339	_CIANY
	725	727	726	
Surf	1340	_CIANY
	499	654	659	
Surf	1341	_CIANY
	654	499	728	
Surf	1342	_CIANY
	728	499	497	
Surf	1343	_CIANY
	654	728	652	
Surf	1344	_CIANY
	652	728	655	
Surf	1345	_CIANY
	728	497	727	
Surf	1346	_CIANY
	727	497	726	
Surf	1347	_CIANY
	726	497	724	
Surf	1348	_CIANY
	724	497	746	
Surf	1349	_CIANY
	746	497	622	
Surf	1350	_CIANY
	622	497	620	
Surf	1351	_CIANY
	620	497	623	
Surf	1352	_CIANY
	659	653	639	
Surf	1353	_CIANY
	653	659	654	
Surf	1354	_CIANY
	639	653	655	
Surf	1355	_CIANY
	639	655	648	
Surf	1356	_CIANY
	648	655	728	
Surf	1357	_CIANY
	639	648	746	
Surf	1358	_CIANY
	639	746	621	
Surf	1359	_CIANY
	621	746	622	
Surf	1360	_CIANY
	639	621	623	
Surf	1361	_CIANY
	639	623	497	
Surf	1362	_CIANY
	726	647	725	
Surf	1363	_CIANY
	647	726	724	
Surf	1364	_CIANY
	626	644	624	
Surf	1365	_CIANY
	644	626	631	
Surf	1366	_CIANY
	720	715	717	
Surf	1367	_CIANY
	715	720	718	
Surf	1368	_CIANY
	640	645	638	
Surf	1369	_CIANY
	645	640	641	
Surf	1370	_CIANY
	633	625	627	
Surf	1371	_CIANY
	625	633	636	
Surf	1372	_CIANY
	703	707	702	
Surf	1373	_CIANY
	707	703	704	
Surf	1374	_CIANY
	616	706	619	
Surf	1375	_CIANY
	706	616	705	
Surf	1376	_CIANY
	724	648	647	
Surf	1377	_CIANY
	648	724	746	
Surf	1378	_CIANY
	635	634	632	
Surf	1379	_CIANY
	634	635	642	
Surf	1380	_CIANY
	716	721	714	
Surf	1381	_CIANY
	721	716	719	
Surf	1382	_CIANY
	711	757	693	
Surf	1383	_CIANY
	757	711	666	
Surf	1384	_CIANY
	666	711	668	
Surf	1385	_CIANY
	656	766	660	
Surf	1386	_CIANY
	766	656	657	
Surf	1387	_CIANY
	766	657	765	
Surf	1388	_CIANY
	765	657	770	
Surf	1389	_CIANY
	770	657	695	
Surf	1390	_CIANY
	770	695	774	
Surf	1391	_CIANY
	774	695	747	
Surf	1392	_CIANY
	747	695	749	
Surf	1393	_CIANY
	695	657	729	
Surf	1394	_CIANY
	729	657	711	
Surf	1395	_CIANY
	711	657	731	
Surf	1396	_CIANY
	731	657	730	
Surf	1397	_CIANY
	730	657	790	
Surf	1398	_CIANY
	660	775	658	
Surf	1399	_CIANY
	775	660	769	
Surf	1400	_CIANY
	769	660	766	
Surf	1401	_CIANY
	775	769	770	
Surf	1402	_CIANY
	775	770	774	
Surf	1403	_CIANY
	658	775	749	
Surf	1404	_CIANY
	658	749	756	
Surf	1405	_CIANY
	756	749	693	
Surf	1406	_CIANY
	693	749	695	
Surf	1407	_CIANY
	756	693	757	
Surf	1408	_CIANY
	658	756	668	
Surf	1409	_CIANY
	658	668	711	
Surf	1410	_CIANY
	658	711	782	
Surf	1411	_CIANY
	782	711	731	
Surf	1412	_CIANY
	658	782	790	
Surf	1413	_CIANY
	658	790	657	
BlockEnd layer:_CIANY
###
Import report:

Raw Loop Surfaces:	0
Compiled Loop Surfaces:	0
Raw polygons with more than 4 points:	0
Compiled polygons with more than 4 points:	0
Raw surfaces with 3 and 4 points:	1450
Compiled surfaces with 3 and 4 points:	1440
Duplicate surfaces removed before gluing:	0
Geometry contained 791 points (0 points were unused and removed)
Final number of surfaces in file:	1413
